-2
-3
-2
-2
-2
0
-1
-2
0
0
1
2
0
1
2
4
3
4
5
4
2
2
1
0
1
0
-1
-1
-2
-1
-2
0
-2
-2
0
0
-2
-4
-2
-2
-2
-2
-1
-2
-3
-2
-2
-2
-2
19
-8
-2
-2
-2
-2
0
-2
-2
-2
-2
-2
-2
-3
-2
-3
-1
-3
-2
-4
-5
-4
-3
-2
-4
0
11
26
34
23
8
0
1
0
0
-2
-2
-3
-5
-2
-4
-5
-3
-2
-3
-2
-3
-2
-2
-1
0
-2
-1
0
0
-1
0
0
2
2
2
3
2
4
2
3
2
1
1
0
0
0
-1
-2
-1
-3
-2
-2
-2
-2
-1
-2
-1
-2
-4
-2
-2
0
-2
-2
-4
-3
-2
-3
17
-9
-2
-1
-3
-2
-3
-1
-2
-3
-2
-2
-3
-4
-2
-4
-2
-3
-5
-4
-4
-5
-4
-4
-2
-2
11
24
33
24
8
-2
-3
1
-2
-1
-2
-4
-3
-5
-3
-4
-4
-2
-3
-2
-3
-2
-1
-2
-2
-2
-1
0
0
1
0
0
2
1
3
2
4
4
3
2
4
1
2
0
-1
0
0
-2
-2
-1
-2
-3
-2
-2
0
-2
-2
-2
-2
-2
-3
-2
-2
-2
-3
-2
-2
-2
22
-11
-3
-2
-3
-2
-2
-1
-2
-3
-2
-3
-2
-3
-2
-3
-2
-2
-4
-5
-3
-4
-3
-5
-2
-3
8
21
32
33
10
0
-2
1
0
-2
-4
-2
-1
-4
-5
-2
-3
-3
-2
-2
-2
-1
-2
0
-2
0
-1
0
0
0
1
1
1
2
3
4
3
4
5
4
4
2
2
0
0
0
0
0
-2
-1
-2
-2
-3
-1
-2
-1
-2
-3
0
-1
-2
-2
-1
-2
-3
-2
-2
-2
19
-9
-2
-2
-1
-2
-1
-2
-2
0
-2
-1
0
-4
-2
-1
-2
-2
-3
-2
-3
-3
-2
-4
-3
-2
4
17
31
35
19
6
2
0
0
0
-2
-2
-2
-3
-2
-2
-3
-2
-2
-1
-2
-2
-1
0
-2
0
0
0
0
0
0
2
2
2
3
3
3
4
4
5
4
2
3
2
0
0
0
-1
0
0
-1
-2
0
-1
0
-1
-1
0
-2
-1
0
-1
-1
-1
-1
0
0
-3
-2
13
-5
-3
-2
-2
0
0
-1
0
-1
0
-2
-1
-2
0
-2
0
-2
-2
-4
-4
-3
-2
-2
-1
0
13
28
37
25
11
2
0
1
-1
-2
-2
-3
-4
-2
-2
-3
-2
-2
-3
-2
-2
-2
0
-1
0
-1
0
0
0
0
1
1
2
1
3
3
3
4
4
4
4
2
1
0
0
0
-1
-2
-2
-1
-2
-2
-2
-1
-2
-1
-2
-1
-1
-2
-2
-1
-2
-2
-2
-2
-2
-2
17
-8
-2
-3
-1
-2
0
-1
0
-3
-2
-1
-2
-2
-1
-2
-2
-1
-4
-4
-5
-3
-4
-2
-4
-1
9
21
34
35
10
0
-1
0
-1
-2
-2
-2
-4
-5
-3
-2
-2
-2
-3
-2
-2
-1
-1
0
-2
0
0
0
0
1
0
2
3
2
2
2
4
3
4
3
4
2
1
2
0
-1
0
-1
-2
-2
-1
0
-2
0
-2
-3
-2
-1
-2
-2
-2
-1
-2
-2
-2
-2
-3
-2
17
-11
-2
-1
-2
0
-2
-1
0
-2
-1
-2
-1
-2
-2
-3
-2
-2
-2
-3
-3
-4
-5
-4
-5
-1
6
20
32
33
13
1
-2
0
-1
-2
-2
-2
-3
-4
-3
-2
-4
-2
-2
-4
-2
-2
-1
-1
-2
-1
-1
0
0
0
0
1
2
2
1
3
4
3
4
4
4
3
0
1
0
-2
0
0
-2
-2
-2
-2
0
-2
-2
0
-2
-4
-2
-2
-2
-2
-1
-2
-4
-2
-2
-3
14
-10
-4
-2
0
-1
-2
-2
-1
-2
-2
-2
-1
-2
-3
-2
-2
-2
-2
-4
-3
-4
-2
-4
-3
-2
4
15
30
33
18
6
0
0
-1
-2
-3
-5
-3
-3
-2
-3
-2
-3
-5
-3
-2
-3
-2
-3
-2
0
-1
-2
0
0
0
0
1
1
2
2
3
4
3
3
4
2
1
0
0
0
-2
0
-2
-1
-2
-2
-1
-2
-3
-2
-1
-2
-3
-2
-2
-2
-2
-2
-2
-2
-2
-2
2
12
-9
-2
-2
-1
-2
-1
-2
0
-2
-3
-2
-2
-2
-2
-2
-1
-3
-5
-4
-2
-4
-3
-4
-3
1
13
27
33
23
8
0
0
0
-2
-2
-3
-3
-4
-3
-2
-4
-3
-4
-2
-2
-2
-2
-3
-1
0
0
0
0
-1
0
0
2
0
2
2
2
2
4
2
4
2
2
0
0
0
-2
-1
-2
-2
-2
-2
-2
-2
-2
-2
-3
-2
-1
-2
-2
-1
-2
-2
-2
-2
-2
-3
-2
15
-10
-3
-2
-1
0
-2
-2
-2
-2
-1
-2
-2
-3
-1
-3
-2
-3
-3
-3
-3
-4
-3
-5
-2
0
10
24
33
25
8
-1
0
0
0
-2
-3
-2
-4
-2
-2
-3
-3
-2
-3
-2
-2
-2
-1
0
-1
0
0
0
0
0
1
2
2
2
2
4
4
3
4
4
3
4
1
0
0
0
0
0
-2
-2
-1
-2
-1
-2
-2
-2
-2
-2
-2
-2
-2
-2
-2
-2
-3
-3
-3
-1
12
-9
-4
-2
-2
-1
-1
-1
-2
-1